# Header: Project1::CPTi_with nano indents coarsened cleaned-Dil::All data::Grain Size   6/12/2013
# 
# Column 1-3:    right hand average orientation (phi1, PHI, phi2 in radians)
# Column 4-6:    left hand average orientation (phi1, PHI, phi2 in radians)
# Column 7:      length (in microns)
# Column 8:      trace angle (in degrees)
# Column 9-12:   x,y coordinates of endpoints (in microns)
# Column 13-14:  IDs of right hand and left hand grains
   3.821    1.537    2.351    3.474    1.231    2.386    20.207  128.2       0.00     117.20      12.50     133.08     1    22
   3.474    1.231    2.386    2.639    1.461    3.339    22.143   37.8       0.00     157.04      17.50     143.47    22    25
   0.434    1.488    5.978    2.639    1.461    3.339    34.073  142.4       0.00     253.46      27.00     274.24    33    25
   0.434    1.488    5.978    0.535    1.540    6.007    16.371   12.2       0.00     326.78      16.00     323.32    33    41
   0.535    1.540    6.007    0.208    1.344    5.660    67.557   67.4       0.00     401.26      26.00     338.90    41    42
   0.208    1.344    5.660    5.860    1.489    0.631     5.132  167.0       0.00     486.13       5.00     487.28    42    59
   3.483    1.383    2.316    5.860    1.489    0.631    10.536  175.3       0.00     560.03      10.50     560.90    63    59
   3.483    1.383    2.316    6.168    1.413    5.878    27.791   17.5       0.00     662.80      26.50     654.43    63    71
   6.168    1.413    5.878    0.496    1.420    6.182    10.149  170.2       0.00     754.60      10.00     756.33    71    82
   0.496    1.420    6.182    3.292    1.502    3.457    14.177   42.2       0.00     813.49      10.50     803.96    82    89
   0.169    1.445    6.108    0.476    1.580    6.194    14.526  176.6       0.00     960.71      14.50     961.58    99   109
   0.169    1.445    6.108    0.476    1.580    6.194    25.325  161.4      14.50     961.58      38.50     969.66    99   109
   0.208    1.344    5.660    5.860    1.489    0.631     8.544    5.8       7.00     487.86      15.50     486.99    42    59
   0.208    1.344    5.660    5.860    1.489    0.631    57.770  152.0      15.50     486.99      66.50     514.13    42    59
   0.496    1.420    6.182    3.394    1.525    2.381    47.385   87.6      10.50     803.96      12.50     756.62    82    78
   3.394    1.525    2.381    3.292    1.502    3.457    18.682  172.0      10.50     803.96      29.00     806.56    78    89
   3.394    1.525    2.381    3.292    1.502    3.457    30.287  157.6      29.00     806.56      57.00     818.11    78    89
   3.394    1.525    2.381    3.292    1.502    3.457    21.000  120.0      57.00     818.11      67.50     836.29    78    89
   3.394    1.525    2.381    3.292    1.502    3.457    24.379  100.6      67.50     836.29      72.00     860.25    78    89
   3.394    1.525    2.381    3.292    1.502    3.457    27.495  130.9      72.00     860.25      90.00     881.04    78    89
   6.168    1.413    5.878    0.496    1.420    6.182     0.577  150.0      12.00     756.33      12.50     756.62    71    82
   5.860    1.489    0.631    3.483    1.383    2.316    15.503  178.9      12.50     561.47      28.00     561.76    59    63
   3.394    1.525    2.381    6.168    1.413    5.878    63.799   30.5      12.50     756.62      67.50     724.29    78    71
   3.821    1.537    2.351    3.474    1.231    2.386     7.000  120.0      14.50     135.39      18.00     141.45     1    22
   3.292    1.502    3.457    0.169    1.445    6.108    62.602  172.0      14.50     881.90      76.50     890.56    89    99
   0.434    1.488    5.978    5.598    1.067    1.025    17.521   62.8      16.00     323.32      24.00     307.73    33    40
   5.598    1.067    1.025    0.535    1.540    6.007    18.520  122.7      16.00     323.32      26.00     338.90    40    41
   3.821    1.537    2.351    2.639    1.461    3.339    49.689  175.0      18.00     143.18      67.50     147.51     1    25
   0.434    1.488    5.978    3.238    1.434    3.349    17.039   91.7      24.00     307.73      23.50     290.70    33    35
   0.434    1.488    5.978    3.238    1.434    3.349    16.823   78.0      23.50     290.70      27.00     274.24    33    35
   3.238    1.434    3.349    5.598    1.067    1.025    36.097  160.4      24.00     307.73      58.00     319.85    35    40
   3.238    1.434    3.349    5.598    1.067    1.025    17.098  145.0      58.00     319.85      72.00     329.67    35    40
   0.208    1.344    5.660    5.598    1.067    1.025    46.918   11.4      26.00     338.90      72.00     329.67    42    40
   3.238    1.434    3.349    2.639    1.461    3.339    65.187   14.9      27.00     274.24      90.00     257.50    35    25
   3.483    1.383    2.316    6.168    1.413    5.878     7.000   21.8      28.00     654.14      34.50     651.54    63    71
   3.483    1.383    2.316    6.168    1.413    5.878     9.452  162.2      34.50     651.54      43.50     654.43    63    71
   3.483    1.383    2.316    6.168    1.413    5.878    48.446  131.3      43.50     654.43      75.50     690.80    63    71
   3.483    1.383    2.316    6.168    1.413    5.878    18.009  121.8      75.50     690.80      85.00     706.10    63    71
   5.860    1.489    0.631    3.483    1.383    2.316    24.583  175.3      29.50     561.47      54.00     563.49    59    63
   0.476    1.580    6.194    5.712    1.347    0.273     4.163  103.9      38.50     969.66      39.50     973.70   109   106
   5.712    1.347    0.273    0.169    1.445    6.108    21.385   27.3      38.50     969.66      57.50     959.84   106    99
   0.476    1.580    6.194    5.712    1.347    0.273     3.512  115.3      40.00     977.45      41.50     980.63   109   106
   0.476    1.580    6.194    5.712    1.347    0.273     6.110  109.1      42.00     982.65      44.00     988.42   109   106
   0.476    1.580    6.194    5.712    1.347    0.273     5.568  111.0      45.00     991.31      47.00     996.51   109   106
   5.712    1.347    0.273    0.476    1.580    6.194     6.110  109.1      48.00     998.24      50.00    1004.01   106   109
   5.712    1.347    0.273    0.476    1.580    6.194    38.000  120.0      51.00    1005.74      70.00    1038.65   106   109
   3.483    1.383    2.316    5.860    1.489    0.631     3.000  180.0      57.00     563.49      60.00     563.49    63    59
   5.712    1.347    0.273    0.169    1.445    6.108    38.695   28.5      59.00     958.40      93.00     939.93   106    99
   5.860    1.489    0.631    3.483    1.383    2.316    16.166   30.0      62.00     563.49      76.00     555.41    59    63
   3.326    1.398    2.880    0.476    1.580    6.194    55.184   79.6      63.50    1096.68      73.50    1042.41   121   109
   5.860    1.489    0.631    3.453    1.022    3.140    42.360  103.0      66.50     514.13      76.00     555.41    59    55
   3.453    1.022    3.140    0.208    1.344    5.660    48.418   24.7      66.50     514.13     110.50     493.92    55    42
   3.453    1.022    3.140    0.208    1.344    5.660    37.041   19.1     110.50     493.92     145.50     481.80    55    42
   3.394    1.525    2.381    6.168    1.413    5.878    23.159   46.3      69.00     722.84      85.00     706.10    78    71
   2.639    1.461    3.339    3.133    1.382    3.613    57.654  111.4      71.00     151.27      92.00     204.96    25    21
   5.712    1.347    0.273    0.476    1.580    6.194     3.512  124.7      71.50    1039.52      73.50    1042.41   106   109
   0.208    1.344    5.660    3.238    1.434    3.349    26.627  174.4      72.00     329.67      98.50     332.27    42    35
   3.326    1.398    2.880    5.712    1.347    0.273    30.050   18.5      73.50    1042.41     102.00    1032.88   121   106
   3.453    1.022    3.140    3.483    1.383    2.316    65.383  156.6      76.00     555.41     136.00     581.39    55    63
   3.453    1.022    3.140    3.483    1.383    2.316    45.622  148.7     136.00     581.39     175.00     605.06    55    63
   3.453    1.022    3.140    3.483    1.383    2.316    14.933  159.6     175.00     605.06     189.00     610.26    55    63
   3.292    1.502    3.457    5.630    1.024    1.124    16.523   35.2      76.50     890.56      90.00     881.04    89    98
   5.630    1.024    1.124    0.169    1.445    6.108    37.510  121.3      76.50     890.56      96.00     922.61    98    99
   5.630    1.024    1.124    0.169    1.445    6.108    11.015  144.8      96.00     922.61     105.00     928.96    98    99
   3.821    1.537    2.351    3.519    1.171    2.463    33.471   77.1      84.50     128.46      92.00      95.84     1    14
   3.483    1.383    2.316    3.394    1.525    2.381     5.508  177.0      85.00     706.10      90.50     706.39    63    78
   3.133    1.382    3.613    3.519    1.171    2.463     5.132   13.0      90.00     132.21      95.00     131.06    21    14
   2.639    1.461    3.339    3.862    1.149    2.292    52.577   87.8      90.00     257.50      92.00     204.96    25    28
   3.862    1.149    2.292    3.238    1.434    3.349    29.263  154.9      90.00     257.50     116.50     269.91    28    35
   3.394    1.525    2.381    5.630    1.024    1.124    14.468  146.0      90.00     881.04     102.00     889.12    78    98
   2.702    1.460    3.848    3.821    1.537    2.351    17.786  109.7      92.00      95.84      86.00      79.10     2     1
   2.702    1.460    3.848    3.821    1.537    2.351    38.682   90.0      86.00      79.10      86.00      40.41     2     1
   2.702    1.460    3.848    3.821    1.537    2.351    41.016   78.0      86.00      40.41      94.50       0.29     2     1
   3.519    1.171    2.463    2.702    1.460    3.848    18.330   49.1      92.00      95.84     104.00      81.98    14     2
   3.862    1.149    2.292    3.133    1.382    3.613     1.732  150.0      92.00     204.96      93.50     205.83    28    21
   3.483    1.383    2.316    3.394    1.525    2.381    53.507  179.1      92.50     706.39     146.00     707.25    63    78
   0.169    1.445    6.108    5.712    1.347    0.273     4.359   36.6      95.00     938.19      98.50     935.60    99   106
   3.133    1.382    3.613    3.862    1.149    2.292    34.443  145.8      95.50     206.40     124.00     225.74    21    28
   3.133    1.382    3.613    3.862    1.149    2.292    17.474  133.4     124.00     225.74     136.00     238.45    21    28
   0.208    1.344    5.660    2.109    1.322    3.721    24.420  135.8      98.50     332.27     116.00     349.30    42    32
   0.208    1.344    5.660    2.109    1.322    3.721    50.389  145.4     116.00     349.30     157.50     377.88    42    32
   0.208    1.344    5.660    2.109    1.322    3.721    57.770  152.0     157.50     377.88     208.50     405.01    42    32
   0.208    1.344    5.660    2.109    1.322    3.721    29.103  139.1     208.50     405.01     230.50     424.06    42    32
   2.109    1.322    3.721    3.238    1.434    3.349    47.248   70.2      98.50     332.27     114.50     287.81    32    35
   2.109    1.322    3.721    3.238    1.434    3.349    18.009   83.6     114.50     287.81     116.50     269.91    32    35
   3.133    1.382    3.613    3.519    1.171    2.463     0.577   30.0      99.00     130.48      99.50     130.19    21    14
   0.169    1.445    6.108    5.712    1.347    0.273     3.606   46.1     100.50     933.86     103.00     931.27    99   106
   3.133    1.382    3.613    3.519    1.171    2.463     2.517    6.6     101.50     129.62     104.00     129.33    21    14
   5.630    1.024    1.124    3.394    1.525    2.381    20.785  150.0     103.00     889.12     121.00     899.51    98    78
   3.326    1.398    2.880    5.712    1.347    0.273     5.568    8.9     104.00    1032.88     109.50    1032.01   121   106
   5.712    1.347    0.273    0.169    1.445    6.108     1.000   60.0     104.50     929.82     105.00     928.96   106    99
   3.519    1.171    2.463    2.702    1.460    3.848    14.503   58.9     105.00      80.25     112.50      67.84    14     2
   3.519    1.171    2.463    2.702    1.460    3.848    12.097  101.9     112.50      67.84     110.00      56.00    14     2
   3.519    1.171    2.463    2.702    1.460    3.848    17.616   44.8     110.00      56.00     122.50      43.59    14     2
   5.712    1.347    0.273    5.630    1.024    1.124     0.577   30.0     105.00     928.96     105.50     928.67   106    98
   5.630    1.024    1.124    2.602    1.162    3.900    33.020   62.0     105.50     928.67     121.00     899.51    98   101
   2.602    1.162    3.900    5.712    1.347    0.273    24.583  137.1     105.50     928.67     123.50     945.41   101   106
   2.602    1.162    3.900    5.712    1.347    0.273    25.632  125.8     123.50     945.41     138.50     966.20   101   106
   2.602    1.162    3.900    5.712    1.347    0.273    13.000  120.0     138.50     966.20     145.00     977.45   101   106
   2.602    1.162    3.900    5.712    1.347    0.273    11.846   87.6     145.00     977.45     144.50     989.29   101   106
   3.133    1.382    3.613    3.519    1.171    2.463     1.000  180.0     108.00     128.75     109.00     128.75    21    14
   3.519    1.171    2.463    3.133    1.382    3.613     4.041    8.2     109.50     128.46     113.50     127.88    14    21
   3.326    1.398    2.880    3.292    1.303    3.001    16.442  100.5     109.50    1032.01     112.50    1048.18   121   114
   3.326    1.398    2.880    3.292    1.303    3.001    21.385  152.7     112.50    1048.18     131.50    1057.99   121   114
   3.292    1.303    3.001    5.712    1.347    0.273     2.517   53.4     109.50    1032.01     111.00    1029.99   114   106
   3.292    1.303    3.001    5.712    1.347    0.273    24.786   51.3     112.50    1028.55     128.00    1009.21   114   106
   3.133    1.382    3.613    3.519    1.171    2.463     1.000  180.0     116.00     127.02     117.00     127.02    21    14
   2.109    1.322    3.721    3.862    1.149    2.292    19.287   21.1     116.50     269.91     134.50     262.98    32    28
   2.109    1.322    3.721    3.862    1.149    2.292    14.572   37.9     134.50     262.98     146.00     254.03    32    28
   3.133    1.382    3.613    3.519    1.171    2.463     4.583   10.9     119.50     126.15     124.00     125.29    21    14
   2.602    1.162    3.900    3.394    1.525    2.381    20.526   13.0     121.00     899.51     141.00     894.89   101    78
   2.702    1.460    3.848    4.897    1.550    1.292    48.125  115.9     122.50      43.59     101.50       0.29     2     3
   4.897    1.550    1.292    3.519    1.171    2.463    26.633  154.3     122.50      43.59     146.50      55.14     3    14
   4.897    1.550    1.292    3.519    1.171    2.463     4.041   90.0     146.50      55.14     146.50      59.18     3    14
   4.897    1.550    1.292    3.519    1.171    2.463     9.452   42.2     146.50      59.18     139.50      65.53     3    14
   3.519    1.171    2.463    4.897    1.550    1.292     8.327  136.1     139.50      65.53     145.50      71.30    14     3
   4.897    1.550    1.292    3.519    1.171    2.463    21.455  155.3     145.50      71.30     165.00      80.25     3    14
   4.897    1.550    1.292    3.519    1.171    2.463    14.107  172.9     165.00      80.25     179.00      81.98     3    14
   3.519    1.171    2.463    3.133    1.382    3.613     1.000  180.0     126.50     125.00     127.50     125.00    14    21
   3.133    1.382    3.613    3.519    1.171    2.463     1.528   10.9     128.50     124.42     130.00     124.13    21    14
   3.292    1.303    3.001    5.712    1.347    0.273    23.798   50.9     129.50    1007.76     144.50     989.29   114   106
   3.326    1.398    2.880    0.480    1.226    5.780    48.000   60.0     131.50    1057.99     107.50    1099.56   121   123
   0.480    1.226    5.780    3.292    1.303    3.001    37.846   32.3     131.50    1057.99     163.50    1037.79   123   114
   3.133    1.382    3.613    3.519    1.171    2.463     1.528   10.9     132.00     123.55     133.50     123.26    21    14
   3.133    1.382    3.613    3.519    1.171    2.463     0.577   30.0     136.50     122.69     137.00     122.40    21    14
   3.133    1.382    3.613    3.862    1.149    2.292     3.606  133.9     137.00     240.18     139.50     242.78    21    28
   3.133    1.382    3.613    3.519    1.171    2.463     2.000  180.0     139.00     121.82     141.00     121.82    21    14
   3.133    1.382    3.613    3.862    1.149    2.292    11.000  120.0     140.50     244.51     146.00     254.03    21    28
   3.394    1.525    2.381    3.555    1.277    3.115     0.577   90.0     141.00     894.32     141.00     894.89    78    91
   3.555    1.277    3.115    2.602    1.162    3.900    94.175  113.1     141.00     894.89     178.00     981.50    91   101
   3.555    1.277    3.115    3.394    1.525    2.381     2.646   40.9     142.00     892.58     144.00     890.85    91    78
   3.133    1.382    3.613    3.519    1.171    2.463     4.583   10.9     142.50     120.95     147.00     120.09    21    14
   3.394    1.525    2.381    3.555    1.277    3.115     3.000   60.0     144.50     890.56     146.00     887.96    78    91
   2.602    1.162    3.900    3.292    1.303    3.001     8.505  160.2     144.50     989.29     152.50     992.18   101   114
   3.133    1.382    3.613    2.109    1.322    3.721    41.004    0.8     146.00     254.03     187.00     253.46    21    32
   3.394    1.525    2.381    3.555    1.277    3.115    38.812   52.7     146.00     886.23     169.50     855.34    78    91
   3.483    1.383    2.316    3.394    1.525    2.381     5.033    6.6     147.00     707.83     152.00     707.25    63    78
   3.453    1.022    3.140    0.208    1.344    5.660    10.408   16.1     147.50     481.22     157.50     478.33    55    42
   3.292    1.303    3.001    3.314    1.499    2.887    30.116  108.4     152.50     992.18     162.00    1020.76   114   112
   3.292    1.303    3.001    3.314    1.499    2.887    17.098   95.0     162.00    1020.76     163.50    1037.79   114   112
   3.314    1.499    2.887    2.602    1.162    3.900    27.647   22.7     152.50     992.18     178.00     981.50   112   101
   3.133    1.382    3.613    3.519    1.171    2.463     1.528   10.9     153.50     119.22     155.00     118.93    21    14
   3.394    1.525    2.381    3.483    1.383    2.316     4.583   10.9     153.50     708.12     158.00     707.25    78    63
   3.394    1.525    2.381    3.205    1.215    3.424    52.678  115.3     158.00     707.25     180.50     754.89    78    73
   3.205    1.215    3.424    3.483    1.383    2.316    13.528   63.7     158.00     707.25     164.00     695.13    73    63
   3.205    1.215    3.424    3.483    1.383    2.316    20.664   45.4     164.00     695.13     178.50     680.41    73    63
   3.133    1.382    3.613    3.519    1.171    2.463     0.577   30.0     159.50     117.49     160.00     117.20    21    14
   3.453    1.022    3.140    0.208    1.344    5.660    27.737   13.2     159.50     477.76     186.50     471.41    55    42
   3.133    1.382    3.613    3.519    1.171    2.463     5.568    8.9     162.00     116.62     167.50     115.76    21    14
   3.314    1.499    2.887    0.480    1.226    5.780    43.844  161.2     163.50    1037.79     205.00    1051.93   112   123
   3.314    1.499    2.887    0.480    1.226    5.780    39.526   13.1     205.00    1051.93     243.50    1042.98   112   123
   3.133    1.382    3.613    3.519    1.171    2.463     1.528   10.9     169.00     114.89     170.50     114.60    21    14
   6.085    1.443    6.208    3.394    1.525    2.381    20.224  100.0     169.50     855.34     166.00     835.43    87    78
   6.085    1.443    6.208    3.394    1.525    2.381    26.951   70.5     166.00     835.43     175.00     810.02    87    78
   3.555    1.277    3.115    6.085    1.443    6.208    18.520  177.3     169.50     855.34     188.00     856.21    91    87
   3.555    1.277    3.115    6.085    1.443    6.208    40.286   21.4     188.00     856.21     225.50     841.49    91    87
   3.519    1.171    2.463    6.014    1.413    0.470    33.710   75.4     170.50     114.60     179.00      81.98    14    16
   6.014    1.413    0.470    3.133    1.382    3.613    18.009  143.6     170.50     114.60     185.00     125.29    16    21
   6.014    1.413    0.470    3.133    1.382    3.613    19.468  161.9     185.00     125.29     203.50     131.35    16    21
   6.014    1.413    0.470    3.133    1.382    3.613    24.880  170.0     203.50     131.35     228.00     135.68    16    21
   6.014    1.413    0.470    3.133    1.382    3.613    11.060    6.0     228.00     135.68     239.00     134.52    16    21
   6.085    1.443    6.208    3.394    1.525    2.381    12.767   48.3     176.00     808.29     184.50     798.76    87    78
   3.555    1.277    3.115    3.314    1.499    2.887    10.817  166.1     178.00     981.50     188.50     984.09    91   112
   6.014    1.413    0.470    4.897    1.550    1.292    18.771   28.5     179.00      81.98     195.50      73.03    16     3
   6.014    1.413    0.470    4.897    1.550    1.292     9.165   49.1     195.50      73.03     201.50      66.11    16     3
   3.205    1.215    3.424    3.483    1.383    2.316    27.227   42.7     179.00     679.54     199.00     661.07    73    63
   3.394    1.525    2.381    3.239    1.129    3.567    39.686  100.9     180.50     754.89     188.00     793.86    78    81
   3.239    1.129    3.567    3.205    1.215    3.424    28.148    5.9     180.50     754.89     208.50     752.00    81    73
   3.394    1.525    2.381    6.085    1.443    6.208     4.000   60.0     186.00     797.32     188.00     793.86    78    87
   3.133    1.382    3.613    2.109    1.322    3.721    60.008  172.5     188.00     254.03     247.50     261.83    21    32
   6.085    1.443    6.208    3.239    1.129    3.567    10.817  166.1     188.00     793.86     198.50     796.45    87    81
   3.453    1.022    3.140    0.208    1.344    5.660    22.913   10.9     188.50     470.83     211.00     466.50    55    42
   3.483    1.383    2.316    3.136    1.423    3.243    51.782  101.1     189.00     610.26     199.00     661.07    63    64
   3.136    1.423    3.243    3.453    1.022    3.140    55.645   37.7     189.00     610.26     233.00     576.20    64    55
   3.136    1.423    3.243    3.453    1.022    3.140    21.733   51.6     233.00     576.20     246.50     559.16    64    55
   3.555    1.277    3.115    3.314    1.499    2.887    14.422  166.1     191.50     984.09     205.50     987.56    91   112
   3.136    1.423    3.243    3.205    1.215    3.424    50.210  165.0     199.00     661.07     247.50     674.06    64    73
   3.136    1.423    3.243    3.205    1.215    3.424    35.445  156.5     247.50     674.06     280.00     688.20    64    73
   3.239    1.129    3.567    6.085    1.443    6.208    44.792  166.2     200.50     797.03     244.00     807.71    81    87
   4.897    1.550    1.292    1.837    1.556    4.760     3.215   81.1     201.50      66.11     202.00      62.93     3    12
   1.837    1.556    4.760    6.014    1.413    0.470    29.000  120.0     201.50      66.11     216.00      91.22    12    16
   1.837    1.556    4.760    6.014    1.413    0.470    12.741  154.5     216.00      91.22     227.50      96.71    12    16
   1.837    1.556    4.760    6.014    1.413    0.470    14.572  174.3     227.50      96.71     242.00      98.15    12    16
   4.897    1.550    1.292    1.837    1.556    4.760    35.511   89.2     202.00      53.12     202.50      17.61     3    12
   4.897    1.550    1.292    6.058    1.457    0.680    21.656  126.9     202.50      17.61     189.50       0.29     3     4
   6.058    1.457    0.680    1.837    1.556    4.760    39.154    5.1     202.50      17.61     241.50      14.15     4    12
   3.314    1.499    2.887    3.555    1.277    3.115    17.786  169.7     207.00     987.85     224.50     991.02   112    91
   3.239    1.129    3.567    3.205    1.215    3.424    18.583   14.4     210.50     751.42     228.50     746.80    81    73
   3.239    1.129    3.567    3.205    1.215    3.424    37.112  175.5     228.50     746.80     265.50     749.69    81    73
   2.825    1.223    3.921    3.453    1.022    3.140    54.672  124.5     211.00     466.50     242.00     511.53    50    55
   2.825    1.223    3.921    0.208    1.344    5.660    46.701   65.3     211.00     466.50     230.50     424.06    50    42
   6.085    1.443    6.208    3.555    1.277    3.115    27.785   34.1     226.00     841.20     249.00     825.61    87    91
   3.555    1.277    3.115    3.314    1.499    2.887     9.074  172.7     226.00     991.89     235.00     993.04    91   112
   2.825    1.223    3.921    2.109    1.322    3.721    43.920    7.9     230.50     424.06     274.00     418.00    50    32
   3.555    1.277    3.115    3.314    1.499    2.887     0.577  150.0     237.00     993.62     237.50     993.91    91   112
   3.555    1.277    3.115    3.314    1.499    2.887     9.713  168.0     239.50     994.49     249.00     996.51    91   112
   3.133    1.382    3.613    6.014    1.413    0.470     9.238   30.0     241.00     133.95     249.00     129.33    21    16
   6.058    1.457    0.680    4.860    1.348    1.477    14.731   70.2     241.50      14.15     246.50       0.29     4     5
   4.860    1.348    1.477    1.837    1.556    4.760    41.765  101.0     241.50      14.15     249.50      55.14     5    12
   1.837    1.556    4.760    5.814    1.523    0.464    17.243   69.6     242.00      98.15     248.00      81.98    12    15
   6.014    1.413    0.470    5.814    1.523    0.464    31.953  102.6     242.00      98.15     249.00     129.33    16    15
   3.453    1.022    3.140    4.510    1.284    2.241    30.925   87.2     242.00     511.53     240.50     542.42    55    61
   3.453    1.022    3.140    4.510    1.284    2.241    17.786  109.7     240.50     542.42     246.50     559.16    55    61
   4.510    1.284    2.241    2.825    1.223    3.921    30.050  161.5     242.00     511.53     270.50     521.06    61    50
   3.314    1.499    2.887    3.513    1.069    2.716    39.004   82.6     243.50    1042.98     248.50    1004.30   112   111
   3.513    1.069    2.716    0.480    1.226    5.780    16.823  138.0     243.50    1042.98     256.00    1054.24   111   123
   3.513    1.069    2.716    0.480    1.226    5.780    33.808  152.5     256.00    1054.24     286.00    1069.83   111   123
   6.085    1.443    6.208    3.353    1.458    3.183    12.342  106.5     244.00     807.71     247.50     819.55    87    83
   3.353    1.458    3.183    3.239    1.129    3.567    28.024   57.6     244.00     807.71     259.00     784.04    83    81
   3.353    1.458    3.183    3.239    1.129    3.567    25.865   69.6     259.00     784.04     268.00     759.79    83    81
   3.136    1.423    3.243    4.510    1.284    2.241    22.546  176.3     246.50     559.16     269.00     560.61    64    61
   3.133    1.382    3.613    6.037    1.491    0.286    14.572   82.1     247.50     261.83     249.50     247.39    21    30
   3.133    1.382    3.613    6.037    1.491    0.286    29.462   49.8     249.50     247.39     268.50     224.88    21    30
   3.133    1.382    3.613    6.037    1.491    0.286    23.459   11.4     268.50     224.88     291.50     220.26    21    30
   6.037    1.491    0.286    2.109    1.322    3.721    44.933  134.5     247.50     261.83     279.00     293.87    30    32
   6.037    1.491    0.286    2.109    1.322    3.721    23.180  145.0     279.00     293.87     298.00     307.15    30    32
   6.037    1.491    0.286    2.109    1.322    3.721    16.623  113.0     298.00     307.15     304.50     322.45    30    32
   6.037    1.491    0.286    2.109    1.322    3.721    23.159  133.7     304.50     322.45     320.50     339.19    30    32
   3.353    1.458    3.183    6.085    1.443    6.208     4.359   96.6     248.50     821.28     249.00     825.61    83    87
   1.837    1.556    4.760    4.860    1.348    1.477    10.392   90.0     249.00      59.47     249.00      69.86    12     5
   5.814    1.523    0.464    3.133    1.382    3.613    39.661  133.9     249.00     129.33     276.50     157.91    15    21
   5.814    1.523    0.464    3.133    1.382    3.613    22.234  151.3     276.50     157.91     296.00     168.59    15    21
   3.353    1.458    3.183    3.555    1.277    3.115     4.933  144.2     249.00     825.61     253.00     828.50    83    91
   3.513    1.069    2.716    3.314    1.499    2.887     5.774   90.0     249.00     996.51     249.00    1002.28   111   112
   3.513    1.069    2.716    3.555    1.277    3.115     4.359   36.6     249.00     996.51     252.50     993.91   111    91
   3.513    1.069    2.716    3.555    1.277    3.115     8.660   30.0     253.50     992.18     261.00     987.85   111    91
   3.353    1.458    3.183    3.555    1.277    3.115     8.386  146.6     254.50     829.94     261.50     834.56    83    91
   4.860    1.348    1.477    5.814    1.523    0.464    30.050   18.5     255.50      74.77     284.00      65.24     5    15
   4.860    1.348    1.477    5.814    1.523    0.464     4.583  130.9     284.00      65.24     281.00      61.78     5    15
   4.860    1.348    1.477    5.814    1.523    0.464    15.177  171.2     281.00      61.78     266.00      59.47     5    15
   4.860    1.348    1.477    5.814    1.523    0.464     4.041  111.8     266.00      59.47     264.50      55.71     5    15
   4.860    1.348    1.477    5.814    1.523    0.464    39.068    9.8     264.50      55.71     303.00      49.07     5    15
   3.513    1.069    2.716    3.555    1.277    3.115    31.770   28.2     262.50     986.98     290.50     971.97   111    91
   3.555    1.277    3.115    3.353    1.458    3.183    48.218  141.0     263.00     835.43     300.50     865.74    91    83
   3.239    1.129    3.567    3.251    1.451    3.196    10.408  103.9     265.50     749.69     268.00     759.79    81    74
   3.251    1.451    3.196    3.205    1.215    3.424    27.099   64.9     265.50     749.69     277.00     725.15    74    73
   3.251    1.451    3.196    3.205    1.215    3.424    37.072   85.4     277.00     725.15     280.00     688.20    74    73
   3.251    1.451    3.196    3.353    1.458    3.183    38.158    5.2     268.00     759.79     306.00     756.33    74    83
   3.251    1.451    3.196    3.353    1.458    3.183    10.504  121.6     306.00     756.33     311.50     765.28    74    83
   3.251    1.451    3.196    3.353    1.458    3.183    16.523  177.0     311.50     765.28     328.00     766.14    74    83
   4.510    1.284    2.241    3.193    1.454    3.020     7.095   69.4     269.00     560.61     271.50     553.97    61    52
   3.193    1.454    3.020    3.136    1.423    3.243    36.510  136.5     269.00     560.61     295.50     585.72    52    64
   3.193    1.454    3.020    3.136    1.423    3.243    12.741  154.5     295.50     585.72     307.00     591.21    52    64
   3.193    1.454    3.020    3.136    1.423    3.243    10.263  133.0     307.00     591.21     314.00     598.71    52    64
   3.193    1.454    3.020    3.136    1.423    3.243    26.083  159.9     314.00     598.71     338.50     607.66    52    64
   4.510    1.284    2.241    3.193    1.454    3.020    31.770   91.8     270.50     521.06     271.50     552.81    61    52
   3.193    1.454    3.020    2.825    1.223    3.921    33.005   61.0     270.50     521.06     286.50     492.19    52    50
   3.193    1.454    3.020    2.825    1.223    3.921    11.846   87.6     286.50     492.19     287.00     480.36    52    50
   3.193    1.454    3.020    2.825    1.223    3.921    30.790   73.0     287.00     480.36     296.00     450.91    52    50
   2.825    1.223    3.921    2.944    1.285    3.074    39.585  123.8     274.00     418.00     296.00     450.91    50    45
   2.944    1.285    3.074    2.109    1.322    3.721    49.031   58.0     274.00     418.00     300.00     376.43    45    32
   2.944    1.285    3.074    2.109    1.322    3.721    19.858   21.3     300.00     376.43     318.50     369.22    45    32
   3.251    1.451    3.196    3.136    1.423    3.243    30.827   16.9     280.00     688.20     309.50     679.25    74    64
   3.251    1.451    3.196    3.136    1.423    3.243    32.419    9.2     309.50     679.25     341.50     674.06    74    64
   3.513    1.069    2.716    3.066    1.131    2.942    37.510   36.9     286.00    1069.83     316.00    1047.31   111   120
   3.513    1.069    2.716    3.066    1.131    2.942    17.502   60.9     316.00    1047.31     324.50    1032.01   111   120
   3.513    1.069    2.716    3.066    1.131    2.942    29.143   43.9     324.50    1032.01     345.50    1011.81   111   120
   3.066    1.131    2.942    0.480    1.226    5.780    31.214  107.7     286.00    1069.83     295.50    1099.56   120   123
   3.555    1.277    3.115    2.882    1.248    3.809   106.702   84.6     290.50     971.97     300.50     865.74    91    94
   2.882    1.248    3.809    3.513    1.069    2.716    17.039  148.3     290.50     971.97     305.00     980.92    94   111
   3.133    1.382    3.613    2.864    1.458    3.405    51.868   85.0     291.50     220.26     296.00     168.59    21    17
   2.864    1.458    3.405    6.037    1.491    0.286    37.987  129.2     291.50     220.26     315.50     249.70    17    30
   2.864    1.458    3.405    5.814    1.523    0.464    40.870   52.3     296.00     168.59     321.00     136.25    17    15
   2.864    1.458    3.405    5.814    1.523    0.464    40.361   74.9     321.00     136.25     331.50      97.28    17    15
   3.193    1.454    3.020    2.944    1.285    3.074    40.112   16.3     296.00     450.91     334.50     439.65    52    45
   3.193    1.454    3.020    2.944    1.285    3.074    28.449   23.9     334.50     439.65     360.50     428.11    52    45
   2.882    1.248    3.809    3.353    1.458    3.183     9.713   12.0     300.50     865.74     310.00     863.72    94    83
   5.814    1.523    0.464    2.837    1.341    3.915     8.888  137.0     303.00      49.07     309.50      55.14    15     6
   5.814    1.523    0.464    2.837    1.341    3.915     9.165   70.9     309.50      55.14     306.50      63.80    15     6
   5.814    1.523    0.464    2.837    1.341    3.915     6.807  102.7     306.50      63.80     308.00      70.44    15     6
   5.814    1.523    0.464    2.837    1.341    3.915    35.679  131.2     308.00      70.44     331.50      97.28    15     6
   2.837    1.341    3.915    4.860    1.348    1.477    19.655   79.7     303.00      49.07     306.50      29.73     6     5
   2.837    1.341    3.915    4.860    1.348    1.477    29.597   95.8     306.50      29.73     303.50       0.29     6     5
   2.882    1.248    3.809    3.513    1.069    2.716    48.867  142.9     306.50     982.36     345.50    1011.81    94   111
   2.882    1.248    3.809    3.353    1.458    3.183    19.296   16.5     312.00     863.14     330.50     857.65    94    83
   6.037    1.491    0.286    5.913    1.548    6.199    41.199   78.8     316.00     304.26     324.00     263.85    30    36
   2.864    1.458    3.405    6.037    1.491    0.286     1.528  130.9     316.50     251.44     317.50     252.59    17    30
   6.037    1.491    0.286    5.913    1.548    6.199    16.371  132.2     316.50     306.28     327.50     318.41    30    36
   6.037    1.491    0.286    2.864    1.458    3.405    12.000  120.0     318.00     253.46     324.00     263.85    30    17
   2.109    1.322    3.721    0.305    1.269    5.481    30.089   86.2     318.50     369.22     320.50     339.19    32    39
   0.305    1.269    5.481    2.944    1.285    3.074    23.159  133.7     318.50     369.22     334.50     385.96    39    45
   0.305    1.269    5.481    2.944    1.285    3.074    40.150  124.9     334.50     385.96     357.50     418.87    39    45
   0.305    1.269    5.481    2.944    1.285    3.074     9.713  108.0     357.50     418.87     360.50     428.11    39    45
   0.305    1.269    5.481    6.037    1.491    0.286     5.859   39.8     320.50     339.19     325.00     335.44    39    30
   0.305    1.269    5.481    6.037    1.491    0.286    17.214   81.7     325.00     335.44     327.50     318.41    39    30
   5.913    1.548    6.199    2.864    1.458    3.405    43.715  142.1     324.00     263.85     358.50     290.70    36    17
   0.305    1.269    5.481    5.913    1.548    6.199    17.039   31.7     327.50     318.41     342.00     309.46    39    36
   0.305    1.269    5.481    5.913    1.548    6.199    24.987   48.7     342.00     309.46     358.50     290.70    39    36
   3.353    1.458    3.183    2.789    1.514    3.849     7.095  110.6     328.00     766.14     330.50     772.78    83    77
   2.789    1.514    3.849    3.251    1.451    3.196    19.975   72.5     328.00     766.14     334.00     747.09    77    74
   3.353    1.458    3.183    2.789    1.514    3.849     9.504  118.3     331.00     774.80     335.50     783.18    83    77
   2.837    1.341    3.915    2.864    1.458    3.405    17.010    1.9     331.50      97.28     348.50      96.71     6    17
   2.882    1.248    3.809    3.353    1.458    3.183    22.189   14.3     332.50     857.08     354.00     851.59    94    83
   3.251    1.451    3.196    2.789    1.514    3.849     3.512   64.7     334.50     745.07     336.00     741.90    74    77
   3.251    1.451    3.196    2.789    1.514    3.849    46.091   63.6     336.50     739.87     357.00     698.59    74    77
   3.353    1.458    3.183    2.789    1.514    3.849    34.005  121.0     336.50     786.06     354.00     815.22    83    77
   3.136    1.423    3.243    2.503    1.248    3.780    21.385   87.3     338.50     607.66     337.50     629.02    64    66
   3.136    1.423    3.243    2.503    1.248    3.780    21.548  102.0     337.50     629.02     342.00     650.10    64    66
   3.193    1.454    3.020    2.503    1.248    3.780     4.163   16.1     338.50     607.66     342.50     606.51    52    66
   3.136    1.423    3.243    2.542    1.389    3.706    23.965   88.8     341.50     674.06     342.00     650.10    64    69
   2.542    1.389    3.706    3.251    1.451    3.196    29.023  122.3     341.50     674.06     357.00     698.59    69    74
   2.542    1.389    3.706    2.503    1.248    3.780    13.748  169.1     342.00     650.10     355.50     652.69    69    66
   2.542    1.389    3.706    2.503    1.248    3.780    14.640    7.9     355.50     652.69     370.00     650.67    69    66
   2.542    1.389    3.706    2.503    1.248    3.780    14.572  157.9     370.00     650.67     383.50     656.16    69    66
   2.542    1.389    3.706    2.503    1.248    3.780    21.795  143.4     383.50     656.16     401.00     669.15    69    66
   2.542    1.389    3.706    2.503    1.248    3.780    34.117  134.7     401.00     669.15     425.00     693.40    69    66
   2.542    1.389    3.706    2.503    1.248    3.780    10.066  113.4     425.00     693.40     429.00     702.64    69    66
   3.193    1.454    3.020    2.503    1.248    3.780    15.875   19.1     344.50     605.93     359.50     600.73    52    66
   2.882    1.248    3.809    3.066    1.131    2.942    31.533    2.6     345.50    1011.81     377.00    1010.36    94   120
   2.864    1.458    3.405    4.215    1.453    1.750    30.512  143.4     348.50      96.71     373.00     114.89    17    13
   2.864    1.458    3.405    4.215    1.453    1.750    36.097  160.4     373.00     114.89     407.00     127.02    17    13
   2.864    1.458    3.405    4.215    1.453    1.750    16.703  171.1     407.00     127.02     423.50     129.62    17    13
   2.837    1.341    3.915    4.215    1.453    1.750    11.269   92.5     348.50      96.71     348.00      85.45     6    13
   4.215    1.453    1.750    2.837    1.341    3.915    22.591   54.9     348.00      85.45     361.00      66.97    13     6
   4.215    1.453    1.750    2.837    1.341    3.915    12.858   98.9     361.00      66.97     359.00      54.27    13     6
   4.215    1.453    1.750    2.837    1.341    3.915    10.970   30.0     359.00      54.27     368.50      48.79    13     6
   4.215    1.453    1.750    2.837    1.341    3.915    35.086   14.3     368.50      48.79     402.50      40.13    13     6
   3.353    1.458    3.183    5.810    1.462    0.027    19.672   52.4     354.00     851.59     366.00     836.00    83    92
   5.810    1.462    0.027    2.882    1.248    3.809    41.525  143.8     354.00     851.59     387.50     876.13    92    94
   5.810    1.462    0.027    2.882    1.248    3.809    21.794  156.6     387.50     876.13     407.50     884.79    92    94
   5.810    1.462    0.027    2.882    1.248    3.809    21.932  168.6     407.50     884.79     429.00     889.12    92    94
   3.353    1.458    3.183    2.789    1.514    3.849     6.000  120.0     354.50     817.24     357.50     822.44    83    77
   2.789    1.514    3.849    2.542    1.389    3.706    53.254  174.4     357.00     698.59     410.00     703.79    77    69
   2.789    1.514    3.849    2.542    1.389    3.706    19.035    3.5     410.00     703.79     429.00     702.64    77    69
   0.305    1.269    5.481    2.864    1.458    3.405    71.710    4.4     358.50     290.70     430.00     285.21    39    17
   2.789    1.514    3.849    3.353    1.458    3.183     2.082  103.9     359.00     823.88     359.50     825.90    77    83
   0.305    1.269    5.481    3.193    1.454    3.020    45.177  162.1     360.50     428.11     403.50     441.96    39    52
   0.305    1.269    5.481    3.193    1.454    3.020    17.039  151.7     403.50     441.96     418.50     450.04    39    52
   2.789    1.514    3.849    3.353    1.458    3.183     1.000  120.0     361.00     827.34     361.50     828.21    77    83
   2.503    1.248    3.780    3.193    1.454    3.020     0.577   30.0     361.50     600.73     362.00     600.44    66    52
   2.789    1.514    3.849    3.353    1.458    3.183     7.000  120.0     362.50     829.94     366.00     836.00    77    83
   2.503    1.248    3.780    3.193    1.454    3.020    11.533   17.5     364.00     599.87     375.00     596.40    66    52
   2.789    1.514    3.849    5.810    1.462    0.027    47.226  174.4     366.00     836.00     413.00     840.62    77    92
   2.503    1.248    3.780    3.193    1.454    3.020    16.921   12.8     376.50     595.54     393.00     591.78    66    52
   3.066    1.131    2.942    2.783    1.066    3.106    23.245  138.8     377.00    1010.36     394.50    1025.66   120   113
   3.066    1.131    2.942    2.783    1.066    3.106    44.238  153.2     394.50    1025.66     434.00    1045.58   120   113
   3.066    1.131    2.942    2.783    1.066    3.106    42.194  147.3     434.00    1045.58     469.50    1068.39   120   113
   2.783    1.066    3.106    2.882    1.248    3.809    30.089   33.8     377.00    1010.36     402.00     993.62   113    94
   2.783    1.066    3.106    2.882    1.248    3.809    16.643   21.4     402.00     993.62     417.50     987.56   113    94
   2.503    1.248    3.780    3.193    1.454    3.020    32.316   12.9     395.00     591.21     426.50     583.99    66    52
   2.837    1.341    3.915    2.696    1.474    3.989    27.429   91.0     402.50      40.13     402.00      12.70     6     7
   2.837    1.341    3.915    2.696    1.474    3.989     8.185   72.2     402.00      12.70     404.50       4.91     6     7
   2.696    1.474    3.989    4.215    1.453    1.750    17.502  120.9     402.50      40.13     411.50      55.14     7    13
   2.696    1.474    3.989    4.215    1.453    1.750    17.039   88.3     411.50      55.14     411.00      72.17     7    13
   2.696    1.474    3.989    4.215    1.453    1.750    46.608  116.1     411.00      72.17     431.50     114.03     7    13
   5.810    1.462    0.027    2.455    1.154    3.456    38.158  114.8     413.00     840.62     429.00     875.26    92    84
   5.810    1.462    0.027    2.455    1.154    3.456    13.856   90.0     429.00     875.26     429.00     889.12    92    84
   2.455    1.154    3.456    2.789    1.514    3.849    70.021   58.6     413.00     840.62     449.50     780.87    84    77
   2.783    1.066    3.106    2.882    1.248    3.809     9.292   23.8     419.50     986.98     428.00     983.23   113    94
   3.193    1.454    3.020    3.771    1.435    2.772    31.817   93.6     421.00     454.37     423.00     486.13    52    54
   3.193    1.454    3.020    3.771    1.435    2.772    38.175   79.4     423.00     486.13     416.00     523.66    52    54
   3.193    1.454    3.020    3.771    1.435    2.772    22.234   88.7     416.00     523.66     415.50     545.88    52    54
   3.193    1.454    3.020    3.771    1.435    2.772    13.892   94.1     415.50     545.88     416.50     559.74    52    54
   3.193    1.454    3.020    3.771    1.435    2.772    26.230  112.4     416.50     559.74     426.50     583.99    52    54
   2.864    1.458    3.405    0.635    1.379    5.463    47.585  132.3     423.50     129.62     455.50     164.83    17    20
   2.864    1.458    3.405    0.635    1.379    5.463    67.656  138.9     455.50     164.83     506.50     209.29    17    20
   0.635    1.379    5.463    4.215    1.453    1.750    17.521   62.8     423.50     129.62     431.50     114.03    20    13
   3.771    1.435    2.772    2.503    1.248    3.780     3.606  166.1     426.50     583.99     430.00     584.86    54    66
   0.504    1.440    5.493    2.882    1.248    3.809    37.590   56.0     428.00     983.23     449.00     952.05   108    94
   0.504    1.440    5.493    2.783    1.066    3.106    36.014  129.7     428.00     983.23     451.00    1010.94   108   113
   0.504    1.440    5.493    2.783    1.066    3.106     9.713  168.0     451.00    1010.94     460.50    1012.96   108   113
   2.503    1.248    3.780    2.789    1.514    3.849    26.083  159.9     429.00     702.64     453.50     711.58    66    77
   2.455    1.154    3.456    2.882    1.248    3.809    35.369  132.7     429.00     889.12     453.00     915.10    84    94
   3.771    1.435    2.772    2.627    1.360    3.145    27.185   47.1     430.00     584.86     448.50     564.94    54    60
   3.771    1.435    2.772    2.627    1.360    3.145    43.547   62.7     448.50     564.94     468.50     526.25    54    60
   2.627    1.360    3.145    2.503    1.248    3.780     1.000  120.0     430.00     584.86     430.50     585.72    60    66
   2.864    1.458    3.405    5.908    1.203    6.252     1.000   60.0     431.00     283.48     431.50     282.61    17    31
   5.908    1.203    6.252    0.305    1.269    5.481    38.889  144.1     431.00     285.21     462.50     308.02    31    39
   5.908    1.203    6.252    0.305    1.269    5.481    34.122  115.1     462.50     308.02     477.00     338.90    31    39
   5.908    1.203    6.252    0.305    1.269    5.481    29.366  129.0     477.00     338.90     495.50     361.71    31    39
   0.305    1.269    5.481    3.771    1.435    2.772     8.505  178.1     431.00     449.76     439.50     450.04    39    54
   0.635    1.379    5.463    2.696    1.474    3.989    17.010  178.1     431.50     114.03     448.50     114.60    20     7
   0.635    1.379    5.463    2.696    1.474    3.989    60.119  168.9     448.50     114.60     507.50     126.15    20     7
   0.635    1.379    5.463    2.696    1.474    3.989    27.025    2.4     507.50     126.15     534.50     125.00    20     7
   2.627    1.360    3.145    2.503    1.248    3.780    19.218  128.6     431.50     587.45     443.50     602.47    60    66
   5.908    1.203    6.252    2.864    1.458    3.405    19.672   52.4     433.00     281.17     445.00     265.58    31    17
   5.908    1.203    6.252    2.864    1.458    3.405    46.004   37.5     445.00     265.58     481.50     237.58    31    17
   5.908    1.203    6.252    2.864    1.458    3.405    36.166    5.5     481.50     237.58     517.50     234.12    31    17
   3.771    1.435    2.772    5.537    1.468    0.375    22.591  114.9     439.50     450.04     449.00     470.54    54    51
   5.537    1.468    0.375    0.305    1.269    5.481    61.232   31.9     439.50     450.04     491.50     417.71    51    39
   2.627    1.360    3.145    2.503    1.248    3.780    11.533  124.3     445.00     603.91     451.50     613.43    60    66
   5.537    1.468    0.375    2.612    1.375    4.067    49.153  159.4     449.00     470.54     495.00     487.86    51    57
   2.612    1.375    4.067    5.537    1.468    0.375    33.486  150.0     495.00     487.86     524.00     504.60    57    51
   2.612    1.375    4.067    3.771    1.435    2.772     9.165   70.9     449.00     470.54     446.00     479.20    57    54
   2.612    1.375    4.067    3.771    1.435    2.772    15.395  107.0     446.00     479.20     450.50     493.92    57    54
   2.612    1.375    4.067    3.771    1.435    2.772    37.004  119.1     450.50     493.92     468.50     526.25    57    54
   2.778    1.544    3.735    2.789    1.514    3.849     7.024  115.3     449.50     780.87     446.50     774.52    79    77
   2.778    1.544    3.735    2.789    1.514    3.849    35.233   88.4     446.50     774.52     447.50     739.30    79    77
   2.778    1.544    3.735    2.789    1.514    3.849    28.355   77.8     447.50     739.30     453.50     711.58    79    77
   2.455    1.154    3.456    2.778    1.544    3.735    19.088   19.4     449.50     780.87     467.50     774.52    84    79
   2.455    1.154    3.456    2.778    1.544    3.735    25.515    1.9     467.50     774.52     493.00     773.65    84    79
   2.882    1.248    3.809    0.600    1.205    6.080    35.346   85.1     450.00     950.32     453.00     915.10    94   104
   0.504    1.440    5.493    0.600    1.205    6.080    20.664  172.8     450.50     950.61     471.00     953.21   108   104
   2.627    1.360    3.145    2.503    1.248    3.780     9.074  127.3     452.50     615.17     458.00     622.38    60    66
   0.600    1.205    6.080    2.455    1.154    3.456    47.697    5.2     453.00     915.10     500.50     910.77   104    84
   2.778    1.544    3.735    2.503    1.248    3.780    16.523  177.0     453.50     711.58     470.00     712.45    79    66
   2.627    1.360    3.145    2.503    1.248    3.780     6.506  122.5     459.50     623.83     463.00     629.31    60    66
   2.783    1.066    3.106    0.587    1.254    6.116    25.541  103.6     460.50    1012.96     466.50    1037.79   113   115
   2.783    1.066    3.106    0.587    1.254    6.116    18.771  151.5     466.50    1037.79     483.00    1046.74   113   115
   0.587    1.254    6.116    0.504    1.440    5.493    47.511   25.2     460.50    1012.96     503.50     992.75   115   108
   2.627    1.360    3.145    2.503    1.248    3.780    10.536  124.7     464.50     630.76     470.50     639.42    60    66
   2.627    1.360    3.145    2.612    1.375    4.067    13.577   32.1     468.50     526.25     480.00     519.04    60    57
   2.627    1.360    3.145    2.612    1.375    4.067    28.589   11.7     480.00     519.04     508.00     513.26    60    57
   2.627    1.360    3.145    2.612    1.375    4.067    18.193   28.4     508.00     513.26     524.00     504.60    60    57
   3.066    1.131    2.942    0.584    1.323    5.584    31.193   88.2     469.50    1068.39     468.50    1099.56   120   124
   0.584    1.323    5.584    2.783    1.066    3.106     7.095   50.6     469.50    1068.39     474.00    1062.90   124   113
   2.778    1.544    3.735    0.418    1.198    6.112    23.352  130.0     470.00     712.45     485.00     730.35    79    76
   2.778    1.544    3.735    0.418    1.198    6.112    32.807  143.9     485.00     730.35     511.50     749.69    79    76
   0.418    1.198    6.112    2.503    1.248    3.780    24.338   69.6     470.00     712.45     478.50     689.64    76    66
   2.627    1.360    3.145    2.503    1.248    3.780     7.767  135.1     471.50     641.15     477.00     646.63    60    66
   0.600    1.205    6.080    0.504    1.440    5.493    12.055  174.5     473.00     953.78     485.00     954.94   104   108
   2.627    1.360    3.145    2.503    1.248    3.780     2.517  126.6     478.50     648.08     480.00     650.10    60    66
   2.503    1.248    3.780    0.316    1.049    6.135    27.465   93.1     478.50     689.64     477.00     662.22    66    70
   2.503    1.248    3.780    0.316    1.049    6.135    12.490   76.1     477.00     662.22     480.00     650.10    66    70
   0.418    1.198    6.112    0.316    1.049    6.135    21.385  147.3     478.50     689.64     496.50     701.19    76    70
   0.316    1.049    6.135    0.418    1.198    6.112    41.328  165.4     496.50     701.19     536.50     711.58    70    76
   0.316    1.049    6.135    0.418    1.198    6.112     9.504    1.7     536.50     711.58     546.00     711.30    70    76
   0.316    1.049    6.135    2.627    1.360    3.145    21.517  177.7     480.00     650.10     501.50     650.96    70    60
   2.783    1.066    3.106    0.486    1.361    5.789     2.517  113.4     483.00    1046.74     484.00    1049.05   113   116
   0.486    1.361    5.789    0.587    1.254    6.116    54.562   62.7     483.00    1046.74     508.00     998.24   116   115
   0.486    1.361    5.789    0.584    1.323    5.584    20.526  167.0     485.50    1051.64     505.50    1056.26   116   124
   0.486    1.361    5.789    0.584    1.323    5.584    28.746    7.5     505.50    1056.26     534.00    1052.51   116   124
   0.600    1.205    6.080    0.504    1.440    5.493    18.339  162.6     487.00     955.51     504.50     961.00   104   108
   0.305    1.269    5.481    6.236    1.283    0.268    11.533   77.5     491.50     417.71     494.00     406.45    39    44
   0.305    1.269    5.481    6.236    1.283    0.268    30.089   93.8     494.00     406.45     492.00     376.43    39    44
   0.305    1.269    5.481    6.236    1.283    0.268    15.133   76.6     492.00     376.43     495.50     361.71    39    44
   6.236    1.283    0.268    5.537    1.468    0.375    23.459  168.6     491.50     417.71     514.50     422.33    44    51
   6.236    1.283    0.268    5.537    1.468    0.375    26.502    0.6     514.50     422.33     541.00     422.04    44    51
   2.778    1.544    3.735    2.455    1.154    3.456     7.024  175.3     495.00     773.07     502.00     773.65    79    84
   6.236    1.283    0.268    5.908    1.203    6.252    27.495  169.1     495.50     361.71     522.50     366.91    44    31
   0.600    1.205    6.080    3.819    1.474    1.958    26.889  153.2     500.50     910.77     524.50     922.89   104   100
   3.819    1.474    1.958    2.455    1.154    3.456    22.716   37.6     500.50     910.77     518.50     896.91   100    84
   3.819    1.474    1.958    2.455    1.154    3.456    14.572   22.1     518.50     896.91     532.00     891.43   100    84
   0.316    1.049    6.135    2.627    1.360    3.145    19.140  173.1     503.50     650.96     522.50     653.27    70    60
   0.316    1.049    6.135    2.627    1.360    3.145    32.716  154.4     522.50     653.27     552.00     667.42    70    60
   0.504    1.440    5.493    0.470    1.352    5.511    31.770   88.2     503.50     992.75     504.50     961.00   108   105
   0.470    1.352    5.511    0.587    1.254    6.116     7.095  129.4     503.50     992.75     508.00     998.24   105   115
   2.455    1.154    3.456    2.778    1.544    3.735     0.577   30.0     504.00     773.07     504.50     772.78    84    79
   2.778    1.544    3.735    3.715    1.403    2.656    24.132   73.1     504.50     772.78     511.50     749.69    79    80
   2.455    1.154    3.456    3.715    1.403    2.656     8.185  132.2     504.50     772.78     510.00     778.85    84    80
   3.715    1.403    2.656    2.455    1.154    3.456    53.463  152.7     510.00     778.85     557.50     803.38    80    84
   0.470    1.352    5.511    0.600    1.205    6.080    43.035   62.3     504.50     961.00     524.50     922.89   105   104
   0.486    1.361    5.789    0.470    1.352    5.511    25.106   12.6     508.00     998.24     532.50     992.75   116   105
   0.486    1.361    5.789    0.470    1.352    5.511    33.126  175.0     532.50     992.75     565.50     995.64   116   105
   0.635    1.379    5.463    2.864    1.458    3.405     9.165  169.1     508.50     209.87     517.50     211.60    20    17
   3.715    1.403    2.656    0.418    1.198    6.112    19.731   24.2     511.50     749.69     529.50     741.61    80    76
   3.715    1.403    2.656    0.418    1.198    6.112    27.221   39.5     529.50     741.61     550.50     724.29    80    76
   0.635    1.379    5.463    5.921    1.510    0.813    19.313   49.7     517.50     211.60     530.00     196.88    20    27
   5.921    1.510    0.813    2.864    1.458    3.405     9.539  114.8     517.50     211.60     521.50     220.26    27    17
   2.864    1.458    3.405    3.728    0.928    3.078    14.422   73.9     517.50     234.12     521.50     220.26    17    29
   3.728    0.928    3.078    5.908    1.203    6.252    28.160  132.4     517.50     234.12     536.50     254.90    29    31
   3.728    0.928    3.078    5.908    1.203    6.252    49.963  151.7     536.50     254.90     580.50     278.57    29    31
   5.921    1.510    0.813    3.728    0.928    3.078    32.624  168.8     521.50     220.26     553.50     226.61    27    29
   5.921    1.510    0.813    3.728    0.928    3.078    16.197   26.5     553.50     226.61     568.00     219.39    27    29
   6.236    1.283    0.268    0.124    1.255    6.271    58.158  108.5     522.50     366.91     541.00     422.04    44    43
   0.124    1.255    6.271    5.908    1.203    6.252    19.858   38.7     522.50     366.91     538.00     354.49    43    31
   0.124    1.255    6.271    5.908    1.203    6.252    27.875   14.4     538.00     354.49     565.00     347.56    43    31
   2.627    1.360    3.145    5.537    1.468    0.375    47.318  164.1     524.00     504.60     569.50     517.59    60    51
   2.627    1.360    3.145    5.537    1.468    0.375    18.556  175.5     569.50     517.59     588.00     519.04    60    51
   0.470    1.352    5.511    3.819    1.474    1.958    24.846   27.7     524.50     922.89     546.50     911.35   105   100
   0.470    1.352    5.511    3.819    1.474    1.958     6.000  180.0     546.50     911.35     552.50     911.35   105   100
   0.635    1.379    5.463    3.716    1.212    2.410    30.447   69.8     530.00     196.88     540.50     168.30    20    23
   3.716    1.212    2.410    5.921    1.510    0.813    44.170  149.3     530.00     196.88     568.00     219.39    23    27
   2.455    1.154    3.456    0.694    1.314    5.284    17.786   49.7     532.00     891.43     543.50     877.86    84    97
   2.455    1.154    3.456    0.694    1.314    5.284    11.358   22.4     543.50     877.86     554.00     873.53    84    97
   0.694    1.314    5.284    3.819    1.474    1.958    23.965  151.2     532.00     891.43     553.00     902.98    97   100
   6.167    0.987    6.074    2.696    1.474    3.989     1.000   60.0     534.50     125.00     535.00     124.13    18     7
   6.167    0.987    6.074    0.635    1.379    5.463    43.715   97.9     534.50     125.00     540.50     168.30    18    20
   0.584    1.323    5.584    0.486    1.361    5.789     1.528   10.9     536.00    1051.93     537.50    1051.64   124   116
   2.696    1.474    3.989    6.167    0.987    6.074     1.000   60.0     537.00     121.82     537.50     120.95     7    18
   0.486    1.361    5.789    0.481    1.381    5.614    21.939   76.8     537.50    1051.64     542.50    1030.28   116   119
   0.486    1.361    5.789    0.481    1.381    5.614    13.748   49.1     542.50    1030.28     551.50    1019.89   116   119
   0.486    1.361    5.789    0.481    1.381    5.614    20.551   34.2     551.50    1019.89     568.50    1008.34   116   119
   0.481    1.381    5.614    0.584    1.323    5.584    10.970  150.0     537.50    1051.64     547.00    1057.13   119   124
   6.167    0.987    6.074    2.696    1.474    3.989     2.000   60.0     538.50     119.22     539.50     117.49    18     7
   2.696    1.474    3.989    6.167    0.987    6.074     6.506   62.5     540.00     115.47     543.00     109.70     7    18
   6.167    0.987    6.074    3.716    1.212    2.410    18.903   17.8     540.50     168.30     558.50     162.52    18    23
   6.167    0.987    6.074    3.716    1.212    2.410    24.090   36.0     558.50     162.52     578.00     148.38    18    23
   0.124    1.255    6.271    5.537    1.468    0.375    33.546  153.4     541.00     422.04     571.00     437.05    43    51
   2.676    1.512    3.725    2.696    1.474    3.989    41.501  120.4     543.00     109.70     522.00      73.90     8     7
   2.676    1.512    3.725    2.696    1.474    3.989    20.502   91.4     522.00      73.90     521.50      53.40     8     7
   2.676    1.512    3.725    2.696    1.474    3.989    28.095  115.3     521.50      53.40     509.50      28.00     8     7
   2.676    1.512    3.725    2.696    1.474    3.989    28.583  104.2     509.50      28.00     502.50       0.29     8     7
   6.167    0.987    6.074    2.676    1.512    3.725    45.133    4.4     543.00     109.70     588.00     106.23    18     8
   0.316    1.049    6.135    1.003    1.549    5.644    44.287   82.2     546.00     711.30     552.00     667.42    70    68
   1.003    1.549    5.644    0.418    1.198    6.112    13.748  109.1     546.00     711.30     550.50     724.29    68    76
   0.481    1.381    5.614    0.584    1.323    5.584    24.379  160.6     549.00    1057.71     572.00    1065.79   119   124
   1.003    1.549    5.644    3.715    1.403    2.656    25.166  173.4     550.50     724.29     575.50     727.17    68    80
   1.003    1.549    5.644    2.627    1.360    3.145    44.163   36.5     552.00     667.42     587.50     641.15    68    60
   3.819    1.474    1.958    0.573    1.457    6.168     8.387   86.6     552.50     911.35     553.00     902.98   100    95
   0.573    1.457    6.168    0.470    1.352    5.511    24.826  134.8     552.50     911.35     570.00     928.96    95   105
   0.573    1.457    6.168    0.694    1.314    5.284    13.748   70.9     553.00     902.98     557.50     889.99    95    97
   0.694    1.314    5.284    0.517    1.548    6.257    16.823  102.0     554.00     873.53     557.50     889.99    97    96
   0.517    1.548    6.257    2.455    1.154    3.456    10.066   53.4     554.00     873.53     560.00     865.45    96    84
   2.455    1.154    3.456    0.369    1.527    6.145    42.158   88.6     557.50     803.38     556.50     845.53    84    86
   2.455    1.154    3.456    0.369    1.527    6.145    20.224  100.0     556.50     845.53     560.00     865.45    84    86
   0.369    1.527    6.145    3.715    1.403    2.656     5.196   30.0     557.50     803.38     562.00     800.78    86    80
   0.573    1.457    6.168    0.517    1.548    6.257    24.090   24.0     557.50     889.99     579.50     880.17    95    96
   0.573    1.457    6.168    0.517    1.548    6.257    10.116   87.2     579.50     880.17     580.00     870.07    95    96
   0.517    1.548    6.257    0.369    1.527    6.145     8.544    5.8     560.00     865.45     568.50     864.58    96    86
   0.369    1.527    6.145    0.517    1.548    6.257    11.930  157.2     568.50     864.58     579.50     869.20    86    96
   0.369    1.527    6.145    3.715    1.403    2.656    11.015   24.8     563.50     799.92     573.50     795.30    86    80
   0.486    1.361    5.789    2.309    1.343    3.721    13.051  103.3     565.50     995.64     568.50    1008.34   116   110
   2.309    1.343    3.721    0.470    1.352    5.511    23.714   67.7     565.50     995.64     574.50     973.70   110   105
   5.908    1.203    6.252    0.124    1.255    6.271     9.609    8.6     566.00     347.56     575.50     346.12    31    43
   5.908    1.203    6.252    0.124    1.255    6.271    21.385   32.7     575.50     346.12     593.50     334.57    31    43
   3.716    1.212    2.410    3.728    0.928    3.078    17.039  176.1     568.00     219.39     585.00     220.55    23    29
   2.309    1.343    3.721    0.481    1.381    5.614    27.465  135.2     568.50    1008.34     588.00    1027.68   110   119
   2.309    1.343    3.721    0.481    1.381    5.614    11.060  114.0     588.00    1027.68     592.50    1037.79   110   119
   5.537    1.468    0.375    5.904    1.593    0.147    38.682  114.4     571.00     437.05     587.00     472.27    51    53
   5.904    1.593    0.147    0.124    1.255    6.271    43.432   11.9     571.00     437.05     613.50     428.11    53    43
   0.573    1.457    6.168    0.470    1.352    5.511     2.517  126.6     571.50     930.40     573.00     932.42    95   105
   0.470    1.352    5.511    3.219    1.146    3.473    15.503   80.7     573.00     932.42     570.50     947.72   105   107
   0.470    1.352    5.511    3.219    1.146    3.473    26.287   98.7     570.50     947.72     574.50     973.70   105   107
   3.219    1.146    3.473    0.573    1.457    6.168    31.533  177.4     573.00     932.42     604.50     933.86   107    95
   3.219    1.146    3.473    2.309    1.343    3.721    24.759   18.4     574.50     973.70     598.00     965.91   107   110
   3.715    1.403    2.656    0.497    1.374    6.261    42.579  107.1     575.50     727.17     588.00     767.88    80    72
   3.715    1.403    2.656    0.497    1.374    6.261    17.098   95.0     588.00     767.88     589.50     784.91    80    72
   0.497    1.374    6.261    1.003    1.549    5.644    27.392   50.3     575.50     727.17     593.00     706.10    72    68
   0.497    1.374    6.261    1.003    1.549    5.644    49.642   64.3     593.00     706.10     614.50     661.35    72    68
   0.369    1.527    6.145    3.715    1.403    2.656    10.970   30.0     575.50     794.72     585.00     789.24    86    80
   3.716    1.212    2.410    6.167    0.987    6.074    31.225   43.9     580.00     147.80     602.50     126.15    23    18
   5.908    1.203    6.252    6.242    1.481    0.240    28.572   98.0     580.50     278.57     584.50     306.86    31    37
   5.908    1.203    6.252    6.242    1.481    0.240    29.138  108.0     584.50     306.86     593.50     334.57    31    37
   6.242    1.481    0.240    3.728    0.928    3.078    20.648   37.0     580.50     278.57     597.00     266.16    37    29
   0.573    1.457    6.168    0.369    1.527    6.145     4.933   24.2     581.00     868.33     585.50     866.31    95    86
   2.769    1.526    3.985    0.481    1.381    5.614    22.121   66.0     583.50    1057.99     592.50    1037.79   122   119
   2.769    1.526    3.985    0.584    1.323    5.584    25.325  110.8     583.50    1075.89     592.50    1099.56   122   124
   3.728    0.928    3.078    2.932    1.432    3.139    47.163  104.7     585.00     220.55     597.00     266.16    29    26
   2.932    1.432    3.139    3.716    1.212    2.410    63.721   48.8     585.00     220.55     627.00     172.63    26    23
   0.369    1.527    6.145    3.715    1.403    2.656     4.163   43.9     586.50     787.79     589.50     784.91    86    80
   5.904    1.593    0.147    3.484    1.541    2.983    47.711  167.1     587.00     472.27     633.50     482.95    53    58
   3.484    1.541    2.983    5.537    1.468    0.375    44.238   93.2     587.00     472.27     589.50     516.44    58    51
   2.627    1.360    3.145    3.399    1.339    2.773    35.171   65.7     587.50     641.15     602.00     609.10    60    67
   3.399    1.339    2.773    1.003    1.549    5.644    33.724  143.2     587.50     641.15     614.50     661.35    67    68
   5.804    1.410    0.725    6.167    0.987    6.074     1.000  120.0     588.00     106.23     588.50     107.10    10    18
   5.804    1.410    0.725    2.676    1.512    3.725    63.359   81.4     588.00     106.23     597.50      43.59    10     8
   0.573    1.457    6.168    0.369    1.527    6.145    24.379   19.4     588.00     864.87     611.00     856.79    95    86
   0.497    1.374    6.261    0.369    1.527    6.145     2.517  126.6     589.50     784.91     591.00     786.93    72    86
   5.804    1.410    0.725    6.167    0.987    6.074    21.595  125.4     590.00     108.54     602.50     126.15    10    18
   2.309    1.343    3.721    2.769    1.526    3.985     2.517  173.4     592.50    1037.79     595.00    1038.08   110   122
   0.497    1.374    6.261    0.369    1.527    6.145     9.292  156.2     593.00     787.51     601.50     791.26    72    86
   6.242    1.481    0.240    0.124    1.255    6.271    43.863  159.2     593.50     334.57     634.50     350.16    37    43
   2.627    1.360    3.145    0.076    1.541    6.022    13.051  103.3     596.50     527.99     599.50     540.69    60    56
   2.627    1.360    3.145    0.076    1.541    6.022    24.007  118.6     599.50     540.69     611.00     561.76    60    56
   2.932    1.432    3.139    6.242    1.481    0.240    63.217  155.4     597.00     266.16     654.50     292.43    26    37
   2.676    1.512    3.725    3.746    1.519    2.827    23.352  130.0     597.50      43.59     582.50      25.69     8     9
   2.676    1.512    3.725    3.746    1.519    2.827    38.553  138.8     582.50      25.69     553.50       0.29     8     9
   3.746    1.519    2.827    5.804    1.410    0.725    58.275   48.0     597.50      43.59     636.50       0.29     9    10
   2.309    1.343    3.721    2.769    1.526    3.985     4.000  180.0     597.50    1037.79     601.50    1037.79   110   122
   2.309    1.343    3.721    3.219    1.146    3.473     0.577   30.0     599.50     966.20     600.00     965.91   110   107
   2.309    1.343    3.721    3.219    1.146    3.473    14.012   15.5     602.00     965.33     615.50     961.58   110   107
   3.716    1.212    2.410    5.804    1.410    0.725    30.512  156.6     602.50     126.15     630.50     138.28    23    10
   2.627    1.360    3.145    1.008    1.495    4.936    45.369   80.5     603.50     606.51     611.00     561.76    60    62
   2.309    1.343    3.721    2.769    1.526    3.985     0.577  150.0     603.50    1037.79     604.00    1038.08   110   122
   0.497    1.374    6.261    0.369    1.527    6.145     9.452  162.2     604.50     791.84     613.50     794.72    72    86
   0.497    1.374    6.261    0.369    1.527    6.145    16.823  138.0     613.50     794.72     626.00     805.98    72    86
   0.573    1.457    6.168    3.237    1.152    3.278    27.622   65.4     604.50     933.86     616.00     908.75    95   103
   3.237    1.152    3.278    3.219    1.146    3.473     3.464  150.0     604.50     933.86     607.50     935.60   103   107
   0.076    1.541    6.022    3.484    1.541    2.983    25.697   31.1     605.50     517.59     627.50     504.32    56    58
   0.076    1.541    6.022    3.484    1.541    2.983    22.189   74.3     627.50     504.32     633.50     482.95    56    58
   2.309    1.343    3.721    2.769    1.526    3.985    22.189  172.5     605.50    1037.79     627.50    1040.67   110   122
   1.008    1.495    4.936    3.399    1.339    2.773    15.373  155.6     606.50     608.24     620.50     614.59    62    67
   3.237    1.152    3.278    3.219    1.146    3.473     1.527  130.9     609.00     936.46     610.00     937.62   103   107
   1.008    1.495    4.936    0.076    1.541    6.022    20.257   15.7     611.00     561.76     630.50     556.28    62    56
   0.369    1.527    6.145    0.115    0.998    0.118    25.239   52.1     611.00     856.79     626.50     836.87    86    93
   0.115    0.998    0.118    0.573    1.457    6.168    31.005   99.3     611.00     856.79     616.00     887.39    93    95
   0.115    0.998    0.118    0.573    1.457    6.168    21.362   90.0     616.00     887.39     616.00     908.75    93    95
   3.219    1.146    3.473    3.237    1.152    3.278    14.572  136.1     611.50     938.48     622.00     948.59   107   103
   0.124    1.255    6.271    5.671    1.258    0.614    18.037   63.7     613.50     428.11     621.50     411.94    43    47
   0.124    1.255    6.271    5.671    1.258    0.614    10.817   46.1     621.50     411.94     629.00     404.15    43    47
   0.124    1.255    6.271    5.671    1.258    0.614    17.926   33.2     629.00     404.15     644.00     394.33    43    47
   0.124    1.255    6.271    5.671    1.258    0.614     8.185   12.2     644.00     394.33     652.00     392.60    43    47
   5.671    1.258    0.614    5.904    1.593    0.147    18.330  130.9     613.50     428.11     625.50     441.96    47    53
   5.671    1.258    0.614    5.904    1.593    0.147    30.022  150.0     625.50     441.96     651.50     456.97    47    53
   0.497    1.374    6.261    3.399    1.339    2.773     7.506   30.0     614.50     661.35     621.00     657.60    72    67
   0.115    0.998    0.118    3.237    1.152    3.278    17.578   20.2     616.00     908.75     632.50     902.69    93   103
   0.115    0.998    0.118    3.237    1.152    3.278    16.042  175.9     632.50     902.69     648.50     903.84    93   103
   3.399    1.339    2.773    3.149    1.412    3.122    43.016   90.7     620.50     614.59     621.00     657.60    67    65
   3.149    1.412    3.122    1.008    1.495    4.936     3.215   21.1     620.50     614.59     623.50     613.43    65    62
   2.309    1.343    3.721    3.219    1.146    3.473     2.000  180.0     620.50     961.00     622.50     961.00   110   107
   3.149    1.412    3.122    0.497    1.374    6.261    17.926  146.8     621.00     657.60     636.00     667.42    65    72
   3.149    1.412    3.122    0.497    1.374    6.261    47.286  158.5     636.00     667.42     680.00     684.74    65    72
   3.237    1.152    3.278    5.843    1.396    0.752    22.271   51.1     622.00     948.59     636.00     931.27   103   102
   5.843    1.396    0.752    3.237    1.152    3.278    21.000   60.0     636.00     931.27     646.50     913.08   102   103
   3.237    1.152    3.278    5.843    1.396    0.752     9.452   77.8     646.50     913.08     648.50     903.84   103   102
   5.843    1.396    0.752    3.219    1.146    3.473    12.423   92.3     622.00     948.59     622.50     961.00   102   107
   2.309    1.343    3.721    5.843    1.396    0.752    26.312  128.8     622.50     961.00     639.00     981.50   110   102
   2.309    1.343    3.721    5.843    1.396    0.752    33.471  137.0     639.00     981.50     663.50    1004.30   110   102
   3.149    1.412    3.122    1.008    1.495    4.936    24.021   16.8     625.50     612.86     648.50     605.93    65    62
   3.149    1.412    3.122    1.008    1.495    4.936    35.275   33.3     648.50     605.93     678.00     586.59    65    62
   0.369    1.527    6.145    3.111    1.161    3.558    11.372  105.3     626.50     836.87     623.50     825.90    86    88
   0.369    1.527    6.145    3.111    1.161    3.558    18.330   70.9     623.50     825.90     629.50     808.58    86    88
   3.111    1.161    3.558    0.115    0.998    0.118    31.723  173.2     626.50     836.87     658.00     840.62    88    93
   0.497    1.374    6.261    0.369    1.527    6.145     1.527  130.9     628.50     807.42     629.50     808.58    72    86
   3.111    1.161    3.558    0.497    1.374    6.261    16.289   22.9     629.50     808.58     644.50     802.23    88    72
   3.111    1.161    3.558    0.497    1.374    6.261    28.572  175.9     644.50     802.23     673.00     804.25    88    72
   3.716    1.212    2.410    2.577    1.365    3.265    20.551   94.2     630.50     138.28     632.00     158.77    23    24
   2.577    1.365    3.265    5.804    1.410    0.725     4.933   24.2     630.50     138.28     635.00     136.25    24    10
   2.309    1.343    3.721    2.769    1.526    3.985     3.512  175.3     630.50    1041.25     634.00    1041.54   110   122
   1.008    1.495    4.936    0.076    1.541    6.022    23.180    7.2     632.50     555.70     655.50     552.81    62    56
   1.008    1.495    4.936    0.076    1.541    6.022    42.253  173.7     655.50     552.81     697.50     557.43    62    56
   0.076    1.541    6.022    5.904    1.593    0.147    26.858   38.6     633.50     482.95     654.50     466.21    56    53
   2.769    1.526    3.985    5.759    1.303    0.348    66.189  128.3     634.00    1041.54     675.00    1093.50   122   118
   5.759    1.303    0.348    2.309    1.343    3.721    13.651   51.5     634.00    1041.54     642.50    1030.86   118   110
   6.242    1.481    0.240    3.761    1.435    2.105    17.000   60.0     634.50     350.16     643.00     335.44    37    38
   6.242    1.481    0.240    3.761    1.435    2.105    44.523   75.0     643.00     335.44     654.50     292.43    37    38
   3.761    1.435    2.105    0.124    1.255    6.271    42.016  121.6     634.50     350.16     656.50     385.96    38    43
   5.804    1.410    0.725    5.666    1.520    0.816    50.239   28.9     635.00     136.25     679.00     112.01    10    19
   5.804    1.410    0.725    5.666    1.520    0.816    20.502  179.2     679.00     112.01     699.50     112.29    10    19
   5.666    1.520    0.816    2.577    1.365    3.265    69.864  157.4     635.00     136.25     699.50     163.10    19    24
   2.577    1.365    3.265    2.932    1.432    3.139    25.865  170.4     637.00     165.70     662.50     170.03    24    26
   2.577    1.365    3.265    2.932    1.432    3.139    25.813  155.6     662.50     170.03     686.00     180.71    24    26
   5.759    1.303    0.348    2.309    1.343    3.721    31.796   52.2     644.00    1029.42     663.50    1004.30   118   110
   5.843    1.396    0.752    0.115    0.998    0.118    14.468   34.0     648.50     903.84     660.50     895.76   102    93
   5.904    1.593    0.147    3.518    1.365    2.866     9.713  108.0     651.50     456.97     654.50     466.21    53    49
   3.518    1.365    2.866    5.671    1.258    0.614     5.132   47.0     651.50     456.97     655.00     453.22    49    47
   3.761    1.435    2.105    2.932    1.432    3.139    20.033   18.5     654.50     292.43     673.50     286.08    38    26
   3.761    1.435    2.105    2.932    1.432    3.139    16.523   57.0     673.50     286.08     682.50     272.22    38    26
   3.761    1.435    2.105    2.932    1.432    3.139    17.156    7.7     682.50     272.22     699.50     269.91    38    26
   3.518    1.365    2.866    0.076    1.541    6.022    17.388  161.6     654.50     466.21     671.00     471.70    49    56
   3.518    1.365    2.866    0.076    1.541    6.022    36.143  142.0     671.00     471.70     699.50     493.92    49    56
   3.518    1.365    2.866    5.671    1.258    0.614     1.000   60.0     656.50     451.78     657.00     450.91    49    47
   0.115    0.998    0.118    5.946    1.460    6.219    55.194   92.6     658.00     840.62     660.50     895.76    93    90
   5.946    1.460    6.219    3.111    1.161    3.558    12.662   50.8     658.00     840.62     666.00     830.81    90    88
   3.518    1.365    2.866    5.671    1.258    0.614     6.000   60.0     659.50     446.58     662.50     441.38    49    47
   5.946    1.460    6.219    5.843    1.396    0.752    43.405  154.0     660.50     895.76     699.50     914.81    90   102
   3.518    1.365    2.866    5.671    1.258    0.614     5.000   60.0     663.50     439.65     666.00     435.32    49    47
   5.759    1.303    0.348    5.843    1.396    0.752    17.156  172.3     663.50    1004.30     680.50    1006.61   118   102
   3.240    1.504    2.956    3.761    1.435    2.105    33.407    8.9     666.50     387.69     699.50     382.49    46    38
   3.111    1.161    3.558    5.946    1.460    6.219    19.519   57.5     667.00     829.08     677.50     812.62    88    90
   5.671    1.258    0.614    3.518    1.365    2.866    12.124   68.2     668.00     430.70     672.50     419.44    47    49
   3.240    1.504    2.956    5.671    1.258    0.614    12.342  133.5     668.50     400.39     677.00     409.34    46    47
   5.671    1.258    0.614    3.518    1.365    2.866     9.074   67.3     673.50     417.71     677.00     409.34    47    49
   3.448    1.269    3.176    2.769    1.526    3.985     6.083   85.3     675.00    1093.50     674.50    1099.56   125   122
   3.448    1.269    3.176    5.759    1.303    0.348    18.824   25.4     675.00    1093.50     692.00    1085.42   125   118
   3.448    1.269    3.176    5.759    1.303    0.348    10.817   46.1     692.00    1085.42     699.50    1077.62   125   118
   3.518    1.365    2.866    3.240    1.504    2.956    23.629   17.8     677.00     409.34     699.50     402.12    49    46
   3.149    1.412    3.122    1.008    1.495    4.936     1.527   49.1     680.00     586.01     681.00     584.86    65    62
   5.843    1.396    0.752    3.025    1.137    2.909    10.599   52.2     680.50    1006.61     687.00     998.24   102   117
   5.843    1.396    0.752    3.025    1.137    2.909    13.650   23.7     687.00     998.24     699.50     992.75   102   117
   3.025    1.137    2.909    5.759    1.303    0.348    11.015  144.8     680.50    1006.61     689.50    1012.96   117   118
   3.149    1.412    3.122    0.497    1.374    6.261    19.858  158.7     681.00     685.31     699.50     692.53    65    72
   3.149    1.412    3.122    1.008    1.495    4.936    21.733   40.6     682.50     583.41     699.00     569.27    65    62
   6.048    0.920    0.049    0.497    1.374    6.261    25.502   59.4     686.50     799.92     699.50     777.98    85    72
   6.048    0.920    0.049    5.946    1.460    6.219    11.136  171.1     688.50     805.69     699.50     807.42    85    90
   3.025    1.137    2.909    5.759    1.303    0.348     9.539  147.0     691.50    1013.54     699.50    1018.73   117   118
   5.804    1.410    0.725    3.448    1.029    3.260    21.656  113.1     699.50     100.75     691.00      80.83    10    11
   5.804    1.410    0.725    3.448    1.029    3.260    27.465   93.1     691.00      80.83     689.50      53.40    10    11
   5.804    1.410    0.725    3.448    1.029    3.260    25.658  107.0     689.50      53.40     682.00      28.87    10    11
   5.804    1.410    0.725    3.448    1.029    3.260    17.098   95.0     682.00      28.87     680.50      11.84    10    11
   5.804    1.410    0.725    3.448    1.029    3.260    13.503  121.2     680.50      11.84     673.50       0.29    10    11
